$ANSIBLE_VAULT;1.1;AES256
31613130336264353665353665376562383764636333663861303531343339663934343965633636
6264373162303437383137613863636533326631663466380a656330386630363433323339343664
65386434303332373634656432316361656333376436333865333363363932323064316237336432
6134646536356562380a333239636435643030663562633538396632303930393462323431363239
35313664633566623637343135353263313462376637306636313265626439386131656137366634
39346232333630633665633532376366663065333433393266663164616436646237353563613364
30386265333165353261643530326364326534653562313031653038363738626330313266356265
32376539306565633735643835633335663563616632323036623863323737383966383362353233
66393238616439393838343661356239343234313730626561626231626434623335353330313133
61376361386332343764353038343936626635623635646333626533313734313834313766353730
30383862656137623138636664656636336463646362626636366535626266626331376639643136
37316664643765346137663839323865643365313539313662653633663635613535373664313834
34393035353834313562343362653838626461373635373966323431653033376463316233333663
35303861633439346265663064393934623337343366663366393863623063633661663533646630
30303939636265643536653232626635613561306462386663646339393139653531333334316337
31303831656465323663346166633063376633333136666662656262363630623064643130663031
34653034353762373038313733336232396366373038666435303735373465303165356538643638
32313735363136313764356238666130653934373366303532396638663135333966306362633666
65356337306539303135383531333335343066373931313266613566393833363663313734646164
34623065646631393337303062306439633664376363326133336432343839323761306539343962
34366461663334333737613132343534363561643230373434653461653830653666353065643765
39613934356662616437333866663361356236306566663439306539333733346362356363663264
31656232633837393261363466616431633232633537626230363864393464346233373735636433
30303033346237343130376462613737663332396330363765386431363363363064356339633534
35613235323636333439373364653363303635616661383464306330623762353564636463333962
63633161386465313362383130336662643963376165663833353333346661646632656364336331
63376261366637343365363330363764316265646165643266616131396466373565393364643362
62353538363463626430636231613337363463313536383862373531393136363138656336353033
62643031666466663239303934363564396365646337356539633536623830373364616533646631
32353435333662333936396466353631343139613434633533646165623466623362636531653563
35343162633034643234373632323931396332363462303561656263643034323931323263353766
64663962363462303831653635396331346466316363623765376639343233393664386137313434
36313161396562373266646635343666663430623234323665363333313863643361656532653861
66356137666161383262626462613833346439663263393536346264356537323830303637336233
66643038356361393434383434323164326163643661303166613837343633366262303465653933
32313931623439396638313536613465376663323830663031306661663035646464376461643366
32663962343761306534313736383563666563663465386332646664613831656437303664336263
38326336663139393835383139383132363662316237376364633630616132613862623764616139
39646434303563613836346639336330323738363538633439313634626362346235333238643139
30313935643466326464333935643731643163333133643234666466626563663763393831333132
64653563366263616565326262363163663437666533336163316165363965343264396466643934
64343431393938646162313638363562616162336165356465663433366634616339633162383332
64326265653630313033373231663538613230343938303130626263376131653034356235313436
30323834656263633562663530323731346464333265623566623134323662616533366532353365
35613737633431303732626637336133313432396138636366343936393835653331303334653536
37613938613138353234383839643036373530313136333934343966653964653563626636353732
30383463396130653665373133663762616136363863633732373039653435326437326532373330
39313733346430646236663264333539663962316434373832626438366665316633626335366435
31396162666336313663616162356166313762656665373065646537626535613033343232383938
65633963396564396536666530613561633534376538333134656361336332326231376538336564
66343466643035643836353030636666666564616461383136323937326234336434316331336363
33653966326363663035663235613334393739636637373031313839366630613538666332303066
39666639656263353863653261343465393635313639653333633839346433373936323736323634
30613161316134616434666563663065633036366534663865336336343530626363346663313461
37646439666438343937346238646530316434306565323433336437653731326136613839396161
65373830336530393062303464653537303131313136373563353637666461386234613634653833
30376361623963373837306163386336353666313336646266643563623631646133366262333636
62623464333666626164363430653061303365636332353061396332346233383066343535653762
39353761636130383737396163336461303765366534636665633839303737343936313164613265
35316166643638316466613464393234666235663534346533323861373234306634393237326461
35346236393338313737626332633863613631666136323533313530333761646631356364323161
34663362663032656465323766656566376332396136633136613566613435646432343531346663
65636662633739613761376666656434626234656335313165316166663663353666346661613964
39363738623939373562353337353431633666653538343631343434333662653466356634333233
31336136386130323337383037313461633934643836336561646630323132636139303861386163
61663337656236303332663335643034383737386331383865643763386466663235383763333562
66616463646662366537313530306562323463383833306136396333323039643838666662386162
63643064666561366631633964643762663332643137333063363335383731326132393131303936
34356365633966383334313063363962646234366465653938376561303736336263633330383933
32643836326639336362346561373864353863383963363331313039343838356263656564316265
66663166353132393832323062643166303665663539366661306661316331643836323634346433
61626634616464343532363865383435616162636464646239363137653036653633633236666637
36393361306533623165393133346337656464356237656330663262303230326564373761383663
66356530646332663866343761363166393963653163663631363637316564633563353831643432
30376538393132623937653663353266343335333866653261346635383262663133373365663664
33313965313638633732363631333036313433383638303464313038316262373066366336373638
31383063363635396437393462363764623436346634383430643566646538623137343230643730
65343937393334336132346631376462663036633938623236613761306136663262383162306431
66396362343364343062396232363833633639376566323065303236383832393432353239623837
31326430636231336332626138666535396239343162393730346431323062636265653436376165
62626261303931313639326366616130663762666439623231666130343833313162653563643530
66616639643436316437653836393931386430386664623639396235656463363634373735613966
62346231656430326262353731303737646664313765376334656238646666393832383532333762
62356262376437396564663235313433333331643063303363323731633861643835386137633866
65313934356462663231353634623864353136383965363765663135376664376634386566346463
63636335663533656364626236333932656666303761353432353632323464653231323538626239
64613536333632326534653864636333636366663136306632366436623830393763636632663664
35323939636535373063623536633338646534353537336637333365613230356638666161303737
34353438316130616136333431326464306662396231643936366431663463636165353334306461
39653662633535376466663464333036326562326339313338633539616332336166386133336265
66303731653362303037366232396132306266386330323862623831303837393132346534623237
65663861346230656366613862323564643336333466643533303962393065376162313330383964
36336163656639653063373333356266333063383438333965383831313130643732316337346634
62633733336338646564663839663032323635396130373962386262323166386531313162626532
36356137333264376262663662313230646163333034626330616435633339363132346639366364
32623262626133626264303165663232653033656366616462633666393538323131393338643162
64363932303031636164363638663132626363323364376566376233316631376132306331613037
65633533353830363439656339373766613635306239653666623332653662626332656436326164
30316134616432376238393530623531303030366634653338633535336237306238346133633938
35363733653964373163663334616531663061303039633666393938323736626536373063656465
36393132383238336532346336393561333263303832363034663666326338386262633436316161
36646134343337306536393333643833626466646536306237303064626465356335346364383765
32636533636432653265363466346461646537333566326364353536373064613138346562313265
36316239373964643331663933333665613531613830633830646436383863643733623036636561
38343239356165336461663738393465363835326338636631623634356161316262383462633930
63636637633138323536376239643536313133343764646262643238623731343766353465663364
65663462313164356363653937613463396564636563303436326536613231646363333330623834
61323336383931326434323966323739313436303864316261616265393331313836636633643534
35666164333866653630366233613262323765373264326363373535383637623737666566643033
61643239656234663933663761313962626530363765323063306262313538393964303433653833
62643934333834386531306334383961656432363764623761313262303265626164383636663131
65613263396338336365373365386236383936613966383561653762616133613139343436366539
36653866613038363035626137636534346635386566656630376537336235363964333064623561
38303435623434323635636538656434313037366364303463323364663262623965363139353939
39643064633034316339373161623866623230383532633739323832653231373635663034333236
34663961363131646231616662393235363933666639626634366630313433313765666663326435
35363437623364646231663730623865363137323137343537333630373837386536396234356563
65323339346233353462353433656637643334366362616131366439643332313661646630323337
63366131646435383562363634316163356164326233633238636662353339353533366433623030
36636661356335663262383464343735666364373333373830653137666663393036363237646338
32666635663865626365316564646661393130353162393533313362353730393638353761393733
61356336613535313966346332303831333865366462633930646662636361353637343531333436
31656338613231353736346233633030623032626636343839346336633435636538356461303430
64363266353461393136383365306537346234626137633638316565353164303735333839363032
34383434303836366431366235303837323035353638383763623565323838353331383764656130
38336332346430643039646134333733333632356230313363656138306135636136663961306139
34663464316437326437343737356634643832623364636162346136373539373131383261353566
30613263613566353038373738303937643764353832643665326434303332326634393833346264
37653961363763353935666130383761633631346233623333373331623439376131363836356463
36303638376461636638313565343765363262633761316261346665313732393761336462633764
33623861353131336136333365373764386135373166333463383230656233656632386530386666
32393665333765653161343531646130323533396264356530396633353661353138356664316435
65376335633135643766663666373961353734616162653062313865353332656238663631313637
62643139306230356361613234326231376331303230303638363162386239343438666430366363
35363130646535396336633132323030623462623534326664656633376439643332356265636131
35363365623438323466376361623132373362336533386533353539643162653365663530633732
6265
